===== SVM =====

Accuracy: 0.7521490249345105

Classification Report:
                precision    recall  f1-score   support

      Analysis       0.80      0.01      0.03       538
      Backdoor       0.00      0.00      0.00       471
           DoS       0.41      0.04      0.07      3293
      Exploits       0.56      0.79      0.66      8853
       Fuzzers       0.54      0.36      0.44      4742
       Generic       0.92      0.98      0.95     11849
        Normal       0.84      0.90      0.87     18675
Reconnaissance       0.50      0.54      0.52      2770
     Shellcode       0.00      0.00      0.00       318
         Worms       0.00      0.00      0.00        26

      accuracy                           0.75     51535
     macro avg       0.46      0.36      0.35     51535
  weighted avg       0.73      0.75      0.72     51535

Confusion Matrix:
[[    8     0    14   358    23    55    55    25     0     0]
 [    0     0    15   289    35    66    24    42     0     0]
 [    0     0   128  2377   107   183   211   287     0     0]
 [    2     0   105  7031   450   255   617   393     0     0]
 [    0     0    18   720  1729   223  1778   274     0     0]
 [    0     0     2   190    59 11559    21    18     0     0]
 [    0     0     4   823   617   121 16806   304     0     0]
 [    0     0    30   713   106    50   370  1501     0     0]
 [    0     0     0    48    50     1    54   165     0     0]
 [    0     0     0    19     0     3     3     1     0     0]]


===== DNN =====

Accuracy: 0.8193848840593771

Classification Report:
                precision    recall  f1-score   support

      Analysis       0.60      0.05      0.09       538
      Backdoor       0.00      0.00      0.00       471
           DoS       0.43      0.06      0.10      3293
      Exploits       0.59      0.91      0.72      8853
       Fuzzers       0.70      0.55      0.62      4742
       Generic       1.00      0.98      0.99     11849
        Normal       0.90      0.96      0.93     18675
Reconnaissance       0.81      0.67      0.73      2770
     Shellcode       0.68      0.09      0.16       318
         Worms       0.50      0.04      0.07        26

      accuracy                           0.82     51535
     macro avg       0.62      0.43      0.44     51535
  weighted avg       0.81      0.82      0.79     51535

Confusion Matrix:
[[   27     0    15   413    12     0    68     3     0     0]
 [    0     0    10   413    33     1    10     4     0     0]
 [    0     0   186  2908    87    21    44    43     4     0]
 [   10     0   150  8086   293     8   192   109     4     1]
 [    2     0    27   584  2605     1  1427    95     1     0]
 [    0     0    16   195    50 11560    26     2     0     0]
 [    6     0     0   172   509     0 17891    93     4     0]
 [    0     0    28   752    53     2    92  1843     0     0]
 [    0     0     0   110    68     0    33    79    28     0]
 [    0     0     0    21     0     2     2     0     0     1]]




===== RANDOM FOREST =====

Accuracy: 0.8637430872222761

Classification Report:
                precision    recall  f1-score   support

      Analysis       0.21      0.17      0.19       538
      Backdoor       0.13      0.14      0.14       471
           DoS       0.40      0.38      0.39      3293
      Exploits       0.74      0.78      0.76      8853
       Fuzzers       0.83      0.82      0.82      4742
       Generic       1.00      0.98      0.99     11849
        Normal       0.97      0.98      0.98     18675
Reconnaissance       0.81      0.78      0.79      2770
     Shellcode       0.67      0.63      0.65       318
         Worms       0.50      0.27      0.35        26

      accuracy                           0.86     51535
     macro avg       0.63      0.59      0.61     51535
  weighted avg       0.86      0.86      0.86     51535

Confusion Matrix:
[[   94    88   144   122    43     1    37     9     0     0]
 [   77    66   112   119    20     3     2    70     2     0]
 [  136   126  1238  1418   145    20    13   171    25     1]
 [   90   107  1181  6935   232    18    61   199    25     5]
 [   50    21   136   209  3874     4   367    57    24     0]
 [    1     3    45   135    18 11632     4     3     7     1]
 [    1     0     1    72   268     0 18312     8    13     0]
 [    4    88   216   254    46     1     5  2154     2     0]
 [    0     0     3    45    46     1    20     2   201     0]
 [    0     0     0    18     1     0     0     0     0     7]]